n_proteins: 36399855
percent_prot_w_struc: 0.8757750820710687
protein_pulled_date: 04/13/2023
s0.2_co2: 0.42861128446221963
