n_proteins: 23894889
percent_prot_w_struc: 0.909174217130701
s0.3_co2: 0.4165572862166948
