n_proteins: 19962601
percent_prot_w_struc: 0.87864306860614
s0.3_co2: 0.5751323989346168
