fraction_full_pairwise_16s_hits: 0.8221076753299401
s1.1_carbon: 0.08336543465231155
