fraction_full_pairwise_16s_hits: 0.7981469730509696
s1.1_carbon: 0.03937812674309786
