protein_align_emissions: 15.77493222267854
protein_align_hits: 137518982
protein_align_num_taxa_complete: 189200
protein_align_return: 0.0003804225423030244
