protein_align_emissions: 5.765826298392419
protein_align_hits: 30504408
protein_align_num_taxa_complete: 53598
protein_align_return: 0.00029865455410175653
