protein_align_emissions: 1.4039240135834605
protein_align_hits: 7067318
protein_align_num_taxa_complete: 12440
protein_align_return: 0.0002993544761559153
