protein_align_emissions: 5.754986774384843
protein_align_hits: 30401357
protein_align_num_taxa_complete: 53397
protein_align_return: 0.00029868903574704843
