protein_align_emissions: 5.658211768605918
protein_align_hits: 29767853
protein_align_num_taxa_complete: 52293
protein_align_return: 0.00029866705169077104
