protein_align_emissions: 11.012276085051042
protein_align_hits: 70458359
protein_align_num_taxa_complete: 123120
protein_align_return: 0.0003001415570002034
