protein_align_emissions: 15.785850547657054
protein_align_hits: 137609444
protein_align_num_taxa_complete: 189335
protein_align_return: 0.00038037563560891285
