protein_align_emissions: 1.0618811243890196
protein_align_hits: 9068773
protein_align_num_taxa_complete: 9925
protein_align_return: 0.00044773788929151963
