protein_align_emissions: 5.7433160265141465
protein_align_hits: 30281555
protein_align_num_taxa_complete: 53196
protein_align_return: 0.0002986035468917848
