protein_align_emissions: 4.02826847008931
protein_align_hits: 18430184
protein_align_num_taxa_complete: 32356
protein_align_return: 0.0002991871472707821
