protein_align_emissions: 4.859950613930883
protein_align_hits: 40822412
protein_align_num_taxa_complete: 44662
protein_align_return: 0.0004476621086327789
