protein_align_emissions: 2.2514634577264836
protein_align_hits: 18277945
protein_align_num_taxa_complete: 19833
protein_align_return: 0.0004480792805417775
