protein_align_emissions: 2.7755816219950216
protein_align_hits: 12795222
protein_align_num_taxa_complete: 22391
protein_align_return: 0.0003003338149476923
