protein_align_emissions: 11.955099053623318
protein_align_hits: 110056706
protein_align_num_taxa_complete: 139660
protein_align_return: 0.0004032445494406963
