protein_align_emissions: 5.716058728561005
protein_align_hits: 30054573
protein_align_num_taxa_complete: 52794
protein_align_return: 0.0002986847227680727
