protein_align_emissions: 8.83243786839249
protein_align_hits: 82175341
protein_align_num_taxa_complete: 89874
protein_align_return: 0.0004476746338884086
