protein_align_emissions: 0.1646867607385725
protein_align_hits: 1448993
protein_align_num_taxa_complete: 2501
protein_align_return: 0.000296093509217719
