protein_align_emissions: 4.526519894471491
protein_align_hits: 24116426
protein_align_num_taxa_complete: 42357
protein_align_return: 0.00029869080346199534
