blastp_kg_CO2_per_pair: 0.014726070803388214
blastp_time_per_pair: 194.86778367360435
percent_full_pairwise_blastp: 0.8521907265704877
