blastp_kg_CO2_per_pair: 0.005226187332466569
blastp_time_per_pair: 69.15833876927694
percent_full_pairwise_blastp: 0.8825526063390531
