blastp_kg_CO2_per_pair: 0.010312286157413007
blastp_time_per_pair: 136.4505413532257
percent_full_pairwise_blastp: 0.8987433192686357
