hits: 181500502.0
perc_protein_pairwise: 0.0011670320975774046
protein_align_emissions: 7.864259909987108
