hits: 181148758.0
perc_protein_pairwise: 0.00116694772595871
protein_align_emissions: 0.5632305435207678
