Tm_OGT_spearman_p: 0.15835202493797404
Tm_OGT_spearman_r: 0.2436789613446793
