Tm_OGT_spearman_p: 9.250118730666795e-15
Tm_OGT_spearman_r: 0.08111056364312191
