Tm_OGT_spearman_p: 0.2852521874184511
Tm_OGT_spearman_r: 0.5246313898711126
