40.0:
  our_pairs_p_value: 0.0006748449007700767
  random_pairs_p_value: 0.9993750553635163
57.5:
  our_pairs_p_value: 0.0010227681597135723
  random_pairs_p_value: 0.9978630323379946
75.0:
  our_pairs_p_value: 5.800036609470835e-06
  random_pairs_p_value: 0.9999989302103891
