expected_protein_align_emissions: 23.28179077797614
expected_protein_align_hits: 83757620
expected_protein_align_time: 89.11967692555565
expected_protein_aling_return: 0.0004562945725955021
