expected_protein_align_emissions: 7.1757394199383855
expected_protein_align_hits: 71957095
expected_protein_align_time: 55.40405257972957
expected_protein_aling_return: 0.00030652593900676534
