expected_protein_align_emissions: 23.379489517646302
expected_protein_align_hits: 86680919
expected_protein_align_time: 73.61136610814596
expected_protein_aling_return: 0.000472220114025362
