apx_co2_per_pair_avg: 0.003857428092350459
apx_co2_per_pair_std: 0.0020276621773080536
apx_hits_per_pair_avg: 80410.90625
apx_hits_per_pair_std: 36583.01278564682
apx_minutes_per_pair_avg: 11.861140709246198
apx_minutes_per_pair_std: 5.684761527432632
apx_perc_protein_pairwise: 0.014532947868223229
