apx_co2_per_pair_avg: 5.174400756474075e-05
apx_co2_per_pair_std: 5.609463444313688e-06
apx_hits_per_pair_avg: 145.4375
apx_hits_per_pair_std: 108.11401911423077
apx_minutes_per_pair_avg: 0.242809692894419
apx_minutes_per_pair_std: 0.02836102092158676
apx_perc_protein_pairwise: 0.001109514235855619
