apx_co2_per_pair_avg: 0.008452343795210846
apx_co2_per_pair_std: 0.0035806090884148373
apx_hits_per_pair_avg: 48557.59375
apx_hits_per_pair_std: 21666.794595773586
apx_minutes_per_pair_avg: 5.5388043656945225
apx_minutes_per_pair_std: 2.3792997997958873
apx_perc_protein_pairwise: 0.014595485279089333
