apx_co2_per_pair_avg: 0.003378568911133078
apx_co2_per_pair_std: 0.0013951260741342682
apx_hits_per_pair_avg: 25524.25
apx_hits_per_pair_std: 11830.729429697463
apx_minutes_per_pair_avg: 2.0941780128826695
apx_minutes_per_pair_std: 0.8607705533232517
apx_perc_protein_pairwise: 0.014414710479678912
