apx_co2_per_pair_avg: 0.003534946169504047
apx_co2_per_pair_std: 0.0017207001680053667
apx_hits_per_pair_avg: 80410.90625
apx_hits_per_pair_std: 36583.01278564682
apx_minutes_per_pair_avg: 11.825339590882262
apx_minutes_per_pair_std: 5.181859929012994
apx_perc_protein_pairwise: 0.014532947868223229
