apx_co2_per_pair_avg: 0.002825471732792553
apx_co2_per_pair_std: 0.0020058158165821315
apx_hits_per_pair_avg: 437405.96875
apx_hits_per_pair_std: 277313.27026650246
apx_minutes_per_pair_avg: 2.136900194113453
apx_minutes_per_pair_std: 1.4225718209828402
apx_perc_protein_pairwise: 0.49610679241931577
