apx_co2_per_pair_avg: 6.8849215280329e-05
apx_co2_per_pair_std: 1.1815744500905259e-05
apx_hits_per_pair_avg: 417.65625
apx_hits_per_pair_std: 192.43995450194242
apx_minutes_per_pair_avg: 0.31941925448675945
apx_minutes_per_pair_std: 0.04789278660639625
apx_perc_protein_pairwise: 0.000624903130329821
