apx_co2_per_pair_avg: 0.00016403208423680318
apx_co2_per_pair_std: 3.824951599727828e-05
apx_hits_per_pair_avg: 12030.75
apx_hits_per_pair_std: 7051.812697638859
apx_minutes_per_pair_avg: 0.7195505447685718
apx_minutes_per_pair_std: 0.1714613938111833
apx_perc_protein_pairwise: 0.0011927145690251548
