apx_co2_per_pair_avg: 8.853174013985085e-05
apx_co2_per_pair_std: 1.5701852958075248e-05
apx_hits_per_pair_avg: 1149.875
apx_hits_per_pair_std: 505.5496370128961
apx_minutes_per_pair_avg: 0.3917953755706549
apx_minutes_per_pair_std: 0.06883004782901088
apx_perc_protein_pairwise: 0.0006757708009165487
