apx_co2_per_pair_avg: 0.0001944824541506969
apx_co2_per_pair_std: 8.778029856170547e-05
apx_hits_per_pair_avg: 30418.59375
apx_hits_per_pair_std: 19468.34841622277
apx_minutes_per_pair_avg: 0.19107947312295437
apx_minutes_per_pair_std: 0.08592197444066714
apx_perc_protein_pairwise: 0.2559338558472335
