apx_co2_per_pair_avg: 8.542501632059463e-05
apx_co2_per_pair_std: 1.8586862748949113e-05
apx_hits_per_pair_avg: 815.53125
apx_hits_per_pair_std: 322.5807210181363
apx_minutes_per_pair_avg: 0.3900940330078204
apx_minutes_per_pair_std: 0.06703818957646102
apx_perc_protein_pairwise: 0.0004881461916349003
