apx_co2_per_pair_avg: 0.00012193501303978026
apx_co2_per_pair_std: 3.184024859561337e-05
apx_hits_per_pair_avg: 4608.21875
apx_hits_per_pair_std: 2454.821020141269
apx_minutes_per_pair_avg: 0.5582529727369547
apx_minutes_per_pair_std: 0.11525429029317337
apx_perc_protein_pairwise: 0.0008383240716197675
